- OS: Windows-11-10.0.26100-SP0 10.0.26100
- Python: 3.12.7
- Stable-Baselines3: 2.7.0
- PyTorch: 2.7.1+cu118
- GPU Enabled: True
- Numpy: 1.26.4
- Cloudpickle: 3.0.0
- Gymnasium: 1.0.0
- OpenAI Gym: 0.26.2
